// creditsfont.bmp 
// font height - all fonts have same height
16 
 
// rows 
6 
 
// font data - just edit the numbers
// format: [font] [x] [y] [width] 
  0 0 16 
! 16 0 16 
" 32 0 16 
# 48 0 16 
$ 64 0 16 
% 80 0 16 
& 96 0 16 
' 112 0 16 
( 128 0 16 
) 144 0 16 
* 160 0 16 
+ 176 0 16 
, 192 0 16 
- 208 0 16 
. 225 0 8 
/ 240 0 16 
0 0 16 16 
1 16 16 16 
2 32 16 16 
3 48 16 16 
4 64 16 16 
5 80 16 16 
6 96 16 16 
7 112 16 16 
8 128 16 16 
9 144 16 16 
: 160 16 16 
; 176 16 16 
< 192 16 16 
= 208 16 16 
> 224 16 16 
? 240 16 16 
@ 0 32 16 
A 16 32 16 
B 32 32 16 
C 48 32 16 
D 64 32 16 
E 80 32 16 
F 96 32 16 
G 112 32 16 
H 128 32 16 
I 149 32 8 
J 161 32 12 
K 176 32 16 
L 192 32 16 
M 208 32 16 
N 224 32 16 
O 240 32 16 
P 0 48 16 
Q 16 48 16 
R 32 48 16 
S 48 48 16 
T 64 48 16 
U 80 48 16 
V 96 48 16 
W 112 48 16 
X 128 48 16 
Y 144 48 16 
Z 160 48 16 
[ 176 48 16 
\ 192 48 16 
] 208 48 16 
^ 224 48 16 
_ 240 48 16 
` 0 64 16 
a 16 64 16 
b 32 64 16 
c 48 64 16 
d 64 64 16 
e 80 64 16 
f 96 64 16 
g 112 64 16 
h 128 64 16 
i 149 64 8 
j 161 64 12 
k 176 64 16 
l 192 64 16 
m 208 64 16 
n 224 64 16 
o 240 64 16 
p 0 80 16 
q 16 80 16 
r 32 80 16 
s 48 80 16 
t 64 80 16 
u 80 80 16 
v 96 80 16 
w 112 80 16 
x 128 80 16 
y 144 80 16 
z 160 80 16 
{ 176 80 16 
| 192 80 16 
} 208 80 16 
~ 224 80 16 
  240 80 16 
